time	V(n001)	V(n002)
0.000000000000000e+00	2.516564e-02	5.000000e+00
1.010000000301048e-07	2.516564e-02	5.000000e+00
1.013000000549269e-07	2.508974e-02	3.500000e+00
1.017000000880230e-07	2.519899e-02	1.500000e+00
1.020000001128452e-07	2.550840e-02	0.000000e+00
1.027200001724182e-07	2.716207e-02	0.000000e+00
1.034400002319913e-07	2.887924e-02	0.000000e+00
1.041600002915644e-07	3.065990e-02	0.000000e+00
1.048800003511374e-07	3.250406e-02	0.000000e+00
1.056000004107105e-07	3.441171e-02	0.000000e+00
1.063200004702836e-07	3.638285e-02	0.000000e+00
1.070400005298566e-07	3.841750e-02	0.000000e+00
1.126400005491135e-07	5.458716e-02	0.000000e+00
1.178400005669949e-07	6.979571e-02	0.000000e+00
1.230400005848762e-07	8.523633e-02	0.000000e+00
1.282400006027576e-07	1.009090e-01	0.000000e+00
1.334400006206390e-07	1.168138e-01	0.000000e+00
1.386400006385204e-07	1.329506e-01	0.000000e+00
1.438400006564018e-07	1.493195e-01	0.000000e+00
1.490400006742831e-07	1.659205e-01	0.000000e+00
1.546400006935400e-07	1.841968e-01	0.000000e+00
1.602400007127969e-07	2.035602e-01	0.000000e+00
1.658400007320537e-07	2.240108e-01	0.000000e+00
1.714400007513106e-07	2.455485e-01	0.000000e+00
1.770400007705675e-07	2.681734e-01	0.000000e+00
1.826400007898243e-07	2.918853e-01	0.000000e+00
1.882400008090812e-07	3.166844e-01	0.000000e+00
1.966400008379665e-07	3.582742e-01	0.000000e+00
2.050400008668518e-07	4.062479e-01	0.000000e+00
2.106400008861087e-07	4.437461e-01	0.000000e+00
2.134400008957371e-07	4.650292e-01	0.000000e+00
2.162400009053655e-07	4.887797e-01	0.000000e+00
2.190400009149940e-07	5.161284e-01	0.000000e+00
2.218400009246224e-07	5.478085e-01	0.000000e+00
2.274400009438793e-07	6.208037e-01	0.000000e+00
2.330400009631362e-07	7.033064e-01	0.000000e+00
2.414400009920215e-07	8.401110e-01	0.000000e+00
2.494400010195312e-07	9.838885e-01	0.000000e+00
2.574400010470411e-07	1.132708e+00	0.000000e+00
2.654400010745509e-07	1.286570e+00	0.000000e+00
2.734400011020607e-07	1.445474e+00	0.000000e+00
2.814400011295705e-07	1.609420e+00	0.000000e+00
2.894400011570803e-07	1.778408e+00	0.000000e+00
2.974400011845901e-07	1.952438e+00	0.000000e+00
3.078400012203529e-07	2.182012e+00	0.000000e+00
3.182400012561156e-07	2.410602e+00	0.000000e+00
3.286400012918784e-07	2.638208e+00	0.000000e+00
3.390400013276411e-07	2.864831e+00	0.000000e+00
3.494400013634039e-07	3.090470e+00	0.000000e+00
3.598400013991667e-07	3.315125e+00	0.000000e+00
3.702400014349294e-07	3.538796e+00	0.000000e+00
3.762400014555618e-07	3.664470e+00	0.000000e+00
3.822400014761942e-07	3.786522e+00	0.000000e+00
3.882400014968265e-07	3.904950e+00	0.000000e+00
3.942400015174589e-07	4.019755e+00	0.000000e+00
4.002400015380912e-07	4.130938e+00	0.000000e+00
4.062400015587235e-07	4.238497e+00	0.000000e+00
4.122400015793559e-07	4.342433e+00	0.000000e+00
4.178400015986128e-07	4.432934e+00	0.000000e+00
4.234400016178697e-07	4.517758e+00	0.000000e+00
4.290400016371265e-07	4.596253e+00	0.000000e+00
4.318400016467550e-07	4.632924e+00	0.000000e+00
4.346400016563834e-07	4.667774e+00	0.000000e+00
4.374400016660118e-07	4.700734e+00	0.000000e+00
4.402400016756403e-07	4.731742e+00	0.000000e+00
4.430400016852687e-07	4.760748e+00	0.000000e+00
4.458400016948971e-07	4.787715e+00	0.000000e+00
4.486400017045256e-07	4.812624e+00	0.000000e+00
4.514400017141540e-07	4.835472e+00	0.000000e+00
4.542400017237824e-07	4.856278e+00	0.000000e+00
4.570400017334109e-07	4.875085e+00	0.000000e+00
4.598400017430393e-07	4.891953e+00	0.000000e+00
4.626400017526677e-07	4.906966e+00	0.000000e+00
4.654400017622962e-07	4.920223e+00	0.000000e+00
4.682400017719246e-07	4.931841e+00	0.000000e+00
4.710400017815530e-07	4.941947e+00	0.000000e+00
4.738400017911815e-07	4.950675e+00	0.000000e+00
4.766400018008099e-07	4.958162e+00	0.000000e+00
4.794400018104383e-07	4.964544e+00	0.000000e+00
4.822400018200668e-07	4.969952e+00	0.000000e+00
4.850400018296952e-07	4.974511e+00	0.000000e+00
4.878400018393236e-07	4.978334e+00	0.000000e+00
4.906400018489521e-07	4.981527e+00	0.000000e+00
4.934400018585805e-07	4.984183e+00	0.000000e+00
4.962400018682089e-07	4.986385e+00	0.000000e+00
4.990400018778374e-07	4.988205e+00	0.000000e+00
5.018400018874658e-07	4.989705e+00	0.000000e+00
5.046400018970942e-07	4.990937e+00	0.000000e+00
5.074400019067227e-07	4.991949e+00	0.000000e+00
5.102400019163511e-07	4.992776e+00	0.000000e+00
5.130400019259795e-07	4.993452e+00	0.000000e+00
5.158400019356080e-07	4.994003e+00	0.000000e+00
5.186400019452364e-07	4.994452e+00	0.000000e+00
5.214400019548648e-07	4.994815e+00	0.000000e+00
5.242400019644933e-07	4.995111e+00	0.000000e+00
5.270400019741217e-07	4.995350e+00	0.000000e+00
5.298400019837501e-07	4.995546e+00	0.000000e+00
5.326400019933786e-07	4.995707e+00	0.000000e+00
5.382400020126354e-07	4.995950e+00	0.000000e+00
5.438400020318923e-07	4.996120e+00	0.000000e+00
5.522400020607776e-07	4.996296e+00	0.000000e+00
5.586400020827855e-07	4.996386e+00	0.000000e+00
5.650400021047933e-07	4.996471e+00	0.000000e+00
5.714400021268011e-07	4.996554e+00	0.000000e+00
5.778400021488090e-07	4.996633e+00	0.000000e+00
5.842400021708169e-07	4.996709e+00	0.000000e+00
5.906400021928247e-07	4.996782e+00	0.000000e+00
5.970400022148326e-07	4.996851e+00	0.000000e+00
6.114400022643502e-07	4.997032e+00	0.000000e+00
6.258400023138679e-07	4.997210e+00	0.000000e+00
6.402400023633856e-07	4.997386e+00	0.000000e+00
6.546400024129033e-07	4.997560e+00	0.000000e+00
6.690400024624208e-07	4.997732e+00	0.000000e+00
6.834400025119386e-07	4.997902e+00	0.000000e+00
6.978400025614562e-07	4.998069e+00	0.000000e+00
6.999999998535955e-07	4.998093e+00	0.000000e+00
